1 0.61484375 0.5828125 0.0921875 0.04453125
8 0.25703125 0.25 0.09296875 0.071875
8 0.46796875 0.2703125 0.0890625 0.053125
1 0.6046875 0.11015625 0.05703125 0.0234375
2 0.346875 0.19921875 0.059375 0.06875
13 0.278125 0.2328125 0.178125 0.19609375
12 0.59296875 0.18046875 0.07265625 0.1
12 0.56171875 0.04296875 0.0484375 0.0609375
12 0.665625 0.03203125 0.05859375 0.06328125
9 0.3265625 0.42578125 0.31640625 0.29609375
12 0.19296875 0.03515625 0.04765625 0.04375
12 0.27109375 0.0296875 0.0453125 0.04921875
13 0.234375 0.05390625 0.09375 0.10703125
12 0.75234375 0.33984375 0.08671875 0.13359375
12 0.46484375 0.3765625 0.11015625 0.13125
13 0.62109375 0.51796875 0.32421875 0.4359375