8 0.2640625 0.796875 0.08671875 0.07421875
12 0.13671875 0.646875 0.10390625 0.16875
12 0.290625 0.5578125 0.0875 0.1828125
12 0.340625 0.203125 0.04765625 0.146875
12 0.27578125 0.13828125 0.06328125 0.10703125
12 0.1046875 0.20234375 0.0703125 0.109375
12 0.225 0.18984375 0.06328125 0.12578125
12 0.3484375 0.08671875 0.0578125 0.09765625
12 0.428125 0.06171875 0.04609375 0.09453125
12 0.534375 0.59453125 0.0703125 0.17265625
12 0.6640625 0.559375 0.07265625 0.16796875
12 0.76875 0.14921875 0.0734375 0.15625
12 0.9171875 0.08828125 0.06640625 0.12421875
8 0.4125 0.19140625 0.046875 0.03984375
8 0.87734375 0.2890625 0.07109375 0.05703125
1 0.253125 0.36953125 0.0625 0.0375
13 0.23203125 0.76015625 0.25625 0.4265625
13 0.8703125 0.23984375 0.20234375 0.29453125
13 0.40625 0.15390625 0.11484375 0.225
13 0.3109375 0.30234375 0.21015625 0.32734375
13 0.16484375 0.3 0.15546875 0.29140625
3 0.5953125 0.66328125 0.21875 0.378125
6 0.58515625 0.56328125 0.265625 0.59140625
9 0.3703125 0.49609375 0.26171875 0.31484375
9 0.8265625 0.46796875 0.25703125 0.325