8 0.91875 0.7828125 0.04609375 0.025
8 0.5671875 0.7984375 0.06171875 0.03203125
8 0.44453125 0.74296875 0.05390625 0.02734375
12 0.43984375 0.6578125 0.04765625 0.05625
12 0.5046875 0.67734375 0.0453125 0.065625
12 0.55390625 0.7171875 0.03515625 0.05078125
12 0.61484375 0.7359375 0.03984375 0.05625
12 0.85 0.7265625 0.0515625 0.065625
12 0.9515625 0.7171875 0.0546875 0.053125
13 0.89453125 0.77578125 0.13203125 0.14296875
13 0.58828125 0.78203125 0.12890625 0.12421875
13 0.475 0.72734375 0.1390625 0.1390625
10 0.8015625 0.86796875 0.3609375 0.2421875