6 0.2140625 0.728125 0.3609375 0.409375
6 0.515625 0.6140625 0.4546875 0.3515625
9 0.61953125 0.33359375 0.24609375 0.32265625
9 0.8625 0.37578125 0.2375 0.359375
10 0.2125 0.3546875 0.31875 0.32578125
1 0.33828125 0.296875 0.0515625 0.0234375
8 0.6609375 0.3328125 0.05859375 0.04453125
8 0.77890625 0.36953125 0.06328125 0.05
12 0.2359375 0.2296875 0.06796875 0.09921875
12 0.36015625 0.1921875 0.07578125 0.09453125
12 0.55859375 0.24921875 0.0703125 0.0890625
12 0.69765625 0.21171875 0.06171875 0.0828125
12 0.78515625 0.240625 0.0640625 0.0734375
12 0.896875 0.28828125 0.0640625 0.09140625
13 0.3046875 0.27265625 0.15 0.1859375
13 0.6328125 0.29140625 0.1890625 0.21171875
13 0.834375 0.32734375 0.17578125 0.19453125