12 0.184375 0.17421875 0.0484375 0.0609375
12 0.1453125 0.1390625 0.034375 0.0421875
12 0.63984375 0.17734375 0.04296875 0.05390625
12 0.6078125 0.13984375 0.03046875 0.03984375
12 0.67109375 0.4640625 0.0359375 0.04140625
12 0.6484375 0.425 0.04453125 0.03828125
12 0.11953125 0.4515625 0.04453125 0.0578125
12 0.075 0.44296875 0.04609375 0.04765625
12 0.1265625 0.71796875 0.0421875 0.05390625
12 0.07734375 0.71328125 0.0359375 0.0421875
12 0.6421875 0.728125 0.03203125 0.0453125
12 0.61953125 0.70546875 0.025 0.03203125
8 0.0859375 0.19140625 0.0765625 0.03515625
8 0.57421875 0.21796875 0.053125 0.021875
8 0.07578125 0.5171875 0.04296875 0.02265625
8 0.08359375 0.78671875 0.05078125 0.02734375
8 0.56328125 0.77265625 0.06875 0.0296875
13 0.134375 0.19765625 0.1796875 0.13046875
13 0.61171875 0.215625 0.17109375 0.1359375
13 0.1109375 0.49921875 0.15 0.13046875
13 0.61953125 0.4953125 0.1484375 0.128125
13 0.115625 0.7625 0.13984375 0.12578125
13 0.61328125 0.778125 0.1515625 0.13125
10 0.27109375 0.2828125 0.3890625 0.15390625
10 0.7828125 0.278125 0.3875 0.14609375
10 0.28046875 0.56328125 0.35625 0.1359375
10 0.77265625 0.56953125 0.4 0.13828125
10 0.28984375 0.853125 0.3515625 0.14609375
10 0.796875 0.853125 0.3390625 0.1421875
1 0.584375 0.48828125 0.0609375 0.03203125