6 0.88515625 0.58359375 0.159375 0.44375
6 0.09921875 0.57890625 0.18984375 0.47578125
6 0.25078125 0.6546875 0.1296875 0.36953125
6 0.365625 0.63984375 0.1359375 0.396875
6 0.4703125 0.65859375 0.10078125 0.42265625
6 0.65859375 0.63046875 0.1328125 0.4015625
6 0.746875 0.60234375 0.128125 0.39296875
10 0.5453125 0.5703125 0.1484375 0.44296875
8 0.1015625 0.55546875 0.04765625 0.05390625
8 0.25234375 0.6875 0.0421875 0.06796875
8 0.37109375 0.66640625 0.04453125 0.06640625
8 0.47421875 0.68984375 0.0359375 0.07265625
8 0.571875 0.55390625 0.0390625 0.0734375
8 0.6703125 0.64921875 0.03515625 0.07109375
8 0.76328125 0.62890625 0.03984375 0.0796875
8 0.8953125 0.5578125 0.04609375 0.0578125
12 0.07421875 0.40703125 0.040625 0.10703125
12 0.15703125 0.421875 0.040625 0.1234375
12 0.22578125 0.52734375 0.03203125 0.10703125
12 0.29609375 0.534375 0.0359375 0.09921875
12 0.334375 0.50625 0.02890625 0.1203125
12 0.409375 0.50390625 0.03671875 0.11484375
12 0.43671875 0.515625 0.04140625 0.11328125
12 0.503125 0.50703125 0.0390625 0.115625
12 0.5375 0.40234375 0.03515625 0.09453125
12 0.6 0.396875 0.0328125 0.103125
12 0.6359375 0.4765625 0.03203125 0.11640625
12 0.69921875 0.484375 0.0421875 0.08359375
12 0.73125 0.45 0.0328125 0.1125
12 0.79375 0.46640625 0.0390625 0.0859375
12 0.86796875 0.415625 0.04140625 0.08515625
12 0.93359375 0.42265625 0.0390625 0.0984375
13 0.1203125 0.5375 0.11953125 0.2546875
13 0.25234375 0.6375 0.11875 0.24375
13 0.3671875 0.628125 0.09765625 0.24453125
13 0.471875 0.6328125 0.0921875 0.2375
13 0.5671875 0.51484375 0.0921875 0.23203125
13 0.6625 0.5890625 0.08359375 0.26328125
13 0.7546875 0.5859375 0.08984375 0.22734375
13 0.89453125 0.53359375 0.1140625 0.2140625