12 0.08046875 0.21875 0.1109375 0.2109375
12 0.29140625 0.26015625 0.11796875 0.24375
12 0.421875 0.27734375 0.10859375 0.17109375
12 0.625 0.2640625 0.0859375 0.171875
12 0.71640625 0.13203125 0.10546875 0.2171875
12 0.9171875 0.22734375 0.13203125 0.26328125
8 0.16484375 0.559375 0.14375 0.153125
8 0.51875 0.546875 0.1359375 0.14453125
8 0.77734375 0.434375 0.1234375 0.13671875
13 0.52265625 0.49765625 0.3015625 0.5875
13 0.184375 0.5015625 0.3125 0.5875
13 0.8015625 0.41875 0.26171875 0.57734375