9 0.1625 0.30546875 0.146875 0.19453125
10 0.31875 0.31796875 0.15703125 0.1703125
10 0.45859375 0.7890625 0.12265625 0.259375
10 0.71171875 0.86328125 0.2265625 0.2515625
14 0.79609375 0.759375 0.06171875 0.0953125
4 0.25703125 0.32890625 0.02734375 0.1
13 0.3609375 0.29140625 0.0703125 0.08671875
13 0.2 0.26953125 0.06640625 0.10546875
13 0.471875 0.74765625 0.0921875 0.1265625
3 0.6359375 0.896875 0.07734375 0.13125
12 0.4515625 0.70859375 0.02578125 0.0625
12 0.5109375 0.70859375 0.034375 0.065625
12 0.18828125 0.24609375 0.02734375 0.05234375
12 0.22890625 0.24140625 0.0296875 0.04296875
8 0.20546875 0.29453125 0.0234375 0.02890625
8 0.4921875 0.77734375 0.03359375 0.03671875