8 0.1796875 0.6625 0.05234375 0.0609375
8 0.34921875 0.421875 0.046875 0.04453125
12 0.4328125 0.26640625 0.071875 0.1265625
12 0.10234375 0.54296875 0.04453125 0.12265625
12 0.18984375 0.4875 0.0359375 0.10390625
13 0.3703125 0.4078125 0.13359375 0.3
13 0.14375 0.63828125 0.11640625 0.29609375
8 0.70390625 0.475 0.0921875 0.090625
8 0.896875 0.5578125 0.0546875 0.06796875
12 0.621875 0.33828125 0.05234375 0.13125
12 0.7390625 0.31171875 0.0296875 0.0953125
12 0.85625 0.38984375 0.0390625 0.1078125
12 0.94296875 0.39453125 0.0453125 0.11640625
13 0.69140625 0.475 0.171875 0.35703125
13 0.90234375 0.525 0.12890625 0.28984375
9 0.64140625 0.7578125 0.25703125 0.4671875